.Random.seed <-
c(403L, 10L, 191580805L, -1632820932L, 1753173010L, 1997218573L, 
-269971385L, -725040594L, -1047950456L, -757938549L, -2144814999L, 
964699192L, 735839462L, 88272001L, 1461578771L, 1026321346L, 
1251841140L, -43423113L, -1828170899L, 1989116932L, 22781738L, 
-1257399147L, -120693969L, -1867011530L, -66245024L, 1893870755L, 
-528750655L, -1377266768L, 1988343502L, 1958093881L, -279324085L, 
2022420474L, -2114802948L, 592314175L, -830099435L, -418028756L, 
1075259394L, 811619037L, 842766807L, -1771776834L, 485125880L, 
1345649883L, -2132803783L, -399566200L, -853918154L, 1349946993L, 
1753959587L, -523024910L, -1893513916L, -2130762233L, 2028274653L, 
-1111085868L, 1241945082L, -338705595L, 159643551L, -283689690L, 
-431356496L, 1092329043L, -89147023L, -1980010336L, 1348018238L, 
180692809L, -250294789L, -133434934L, 1630043948L, -1568825553L, 
-2089341467L, -583610212L, -450808590L, -2012893843L, -354141529L, 
-1993435954L, -873727448L, -905770453L, 858792009L, 956588376L, 
-137799674L, -427038239L, 228774771L, -1912731678L, 794185556L, 
22118999L, 898069069L, 1783268L, -877228086L, -15764939L, -1539934065L, 
-493336170L, -1648806592L, 1479346179L, 1532639777L, -1478009584L, 
1242190574L, -1006236007L, -1672597717L, -426235366L, -435439396L, 
-1345653537L, 1700975285L, -1897847732L, -374089566L, 1857665021L, 
1716684023L, 374247966L, 490597592L, 1737232443L, 1538496985L, 
-1864933528L, -71167338L, 1430731793L, 1909034435L, -644288046L, 
-1975256988L, 707336103L, -1113605891L, 2074725620L, -314151974L, 
-1838612699L, 666125887L, 1796607430L, -1705776560L, 1088579187L, 
1132063377L, -212880704L, -2087381858L, 1189189737L, 815150235L, 
39857578L, 494829004L, 1351053455L, -1192644411L, -403562372L, 
965704914L, 254825549L, -1450269433L, -1666971410L, 510331336L, 
710594251L, 70565673L, -1893251208L, -1947935578L, 1461653185L, 
-5019821L, 2014282754L, -1715830476L, 1219201719L, 261830317L, 
-2095786044L, -1624514582L, -1043922859L, 285654511L, 1059202550L, 
-1699020000L, -1390879517L, -111044223L, -1587441680L, -210899314L, 
-1100975623L, 1535441803L, 52352954L, 1724036796L, -1207685633L, 
-1002615979L, 1849810028L, 1190303938L, -1209890019L, 1811448215L, 
1209719038L, -1608856904L, 1451488411L, 812561145L, -1124436920L, 
-702736522L, 334910129L, 217850595L, -1999715918L, 1331286532L, 
-1407522489L, 1141208093L, 1355549332L, 1934893626L, -378196859L, 
-137793185L, 1865196006L, 1004474480L, 162075539L, 538244145L, 
-149497120L, -878552194L, 1982730761L, 1133607483L, -1784323062L, 
-1362945044L, 1715581039L, 1297354661L, 5871452L, 842316594L, 
-2122800595L, 738210023L, 605815310L, -210362392L, 1563836907L, 
233042569L, -2137650664L, -484957882L, 784813985L, 1392869939L, 
1959903138L, -1428931948L, -50409193L, -126488819L, -1022040540L, 
-1283387894L, 172480373L, -855326001L, 1389336022L, 513079680L, 
-1794707005L, 54789985L, -1082319408L, 953986350L, -855147303L, 
1400813291L, -1923615910L, -89660132L, -1876265953L, 492025973L, 
792069388L, -274863902L, 1636582650L, 585604944L, 1462185772L, 
-200536716L, -404852846L, 320724064L, -428202612L, 1076296544L, 
-1179286046L, -65158232L, 998863052L, -1019970564L, 1354142130L, 
-210690576L, 1529499588L, 108200280L, -1992456838L, -527061072L, 
510522812L, 9950292L, -660150334L, 198920224L, -380032836L, -1231800752L, 
-247140382L, 2145806440L, 107167820L, -359492356L, -720488462L, 
-1128801024L, -760056460L, -1349408760L, -39275590L, 2046232016L, 
436727788L, -387068524L, 1486084562L, 2070733152L, 751270732L, 
-86718176L, -440006782L, 1896810216L, -754077460L, -1870247876L, 
1208332146L, 236256880L, -258073564L, 1484646200L, 224597146L, 
1712890576L, 1872390332L, 544913044L, 1669660290L, 2049591488L, 
-519676100L, -1956990832L, -1212664286L, 763640840L, 1560780044L, 
-765027172L, -511372782L, 1813734272L, 2038609428L, 1296553512L, 
-198329030L, 2046703056L, -1445875604L, 1190733108L, -1491950958L, 
474068832L, -1892372660L, 1083887584L, 816933794L, -1958515800L, 
-1028302452L, 510158012L, 1419817330L, 320155888L, 162586692L, 
-722154152L, 1218740794L, -1603854480L, -1019843524L, 1489488660L, 
-1367468606L, 1833539296L, -607472772L, -810929456L, 1717212322L, 
1845790760L, 748587276L, 1296970684L, -995113678L, 1886659008L, 
-1264242124L, 1803110344L, 1960404154L, 1719081360L, -7323156L, 
-1792426412L, 159157394L, -370607328L, 1774944716L, -1485308448L, 
1529654978L, 96047144L, -1712529748L, -2141327172L, 643331570L, 
20938032L, -1310972764L, -891805000L, -473638566L, -1234644592L, 
-62369924L, 263555348L, 646754114L, -168431872L, -957979716L, 
-1499022512L, 1019186978L, 1627096392L, -1329969652L, -381575076L, 
742537426L, -35777024L, 231102804L, -1469659672L, -1166687238L, 
1117514960L, 1884911916L, -1835641100L, -120310382L, 182378592L, 
456480012L, -2024258848L, 1779107170L, 703007400L, -834719156L, 
-985821828L, -1216691918L, -867623824L, -236035260L, -330679848L, 
1675844730L, 1051532848L, -2124717380L, 267733844L, 98746434L, 
-1255278176L, -750426436L, 1701586384L, -480957086L, 640573416L, 
-1934110772L, 1911962364L, 1886436850L, -1161825152L, 1055990004L, 
926179976L, -193625286L, -743682224L, 1421955692L, 1368922260L, 
1450226002L, -262379808L, -786829620L, -2091298656L, 1950377858L, 
1780610792L, -1909293332L, -451903428L, 1405701746L, 823802992L, 
1109922340L, 2146050104L, 1690466330L, -1362934064L, 1451265084L, 
1985361044L, -1499572094L, -806506560L, 2145716540L, -1078280560L, 
1459841058L, 49911816L, -454878068L, -1057405924L, 408937106L, 
1450442880L, -1974483948L, -1284509400L, 1784199738L, -1185635120L, 
492592236L, 1785667252L, 1858263058L, -1177989152L, -609821748L, 
-914876960L, 769358370L, 763340072L, -976413428L, -556468676L, 
6605042L, -307452176L, -340373692L, 878020184L, -1561941446L, 
1572171504L, -2115700548L, -324228588L, -979882814L, -1073124256L, 
1774214524L, 1277864144L, 612310050L, 1670354600L, 1120693132L, 
875070908L, 345093170L, 1413222208L, -1650989900L, 1510743880L, 
73892538L, -1499451632L, -667110164L, -1586128621L, 1425090165L, 
-24003502L, -406899040L, 582120329L, 1429540795L, 708595724L, 
1432329626L, 1674648847L, -540769447L, -591921682L, -743999364L, 
-1982239507L, -329774185L, -1571564448L, 1663276606L, 11165451L, 
-229350003L, -506179910L, 1169022200L, 725351073L, 1789950547L, 
1451992436L, -664753406L, 1266514839L, 1846013281L, -720761434L, 
-317034588L, 885668437L, -1547924737L, 1278652312L, -124223306L, 
914703683L, 192455813L, -360325854L, -428128752L, -1631844935L, 
1688688235L, -256382628L, -1491918710L, 357763199L, 1680230857L, 
1346308702L, -303488756L, -759974691L, 1472233959L, 1353546256L, 
767391534L, -151921701L, 1808342205L, -1063461334L, 1705833160L, 
-1461377039L, 2019141987L, 1122834788L, -1178436462L, 1007284583L, 
213263153L, -1140930442L, -1318760044L, 1894856101L, 1522888367L, 
-484378776L, 42703686L, 1054055155L, 1623692373L, 822482994L, 
715101696L, 110180073L, 1621919067L, 293939116L, 1341524922L, 
-841869969L, -90300679L, 2032199566L, 504087132L, -1953627955L, 
1223995447L, -1755485504L, -1542115938L, -1346552213L, -1111501331L, 
1774183514L, 1607635736L, 787134593L, 1617477171L, 1504797780L, 
-1341955998L, -1725012233L, 1298684225L, -1011269690L, 4343044L, 
1444748469L, 1955363743L, 1551610872L, 1366265302L, -1687112605L, 
2002231333L, 1020204994L, -484045648L, -1711281959L, -1162756533L, 
-1129499460L, -1218180374L, -659141857L, 1329079209L, 1939809598L, 
-947499988L, -1891005827L, 497247431L, 412991920L, -1288131634L, 
871594235L, -1702215843L, 1139170442L, 1129761448L, -542255599L, 
-1614092541L, 269107716L, -1066104270L, -1853703545L, 753278673L, 
2038933590L, -431007692L, -1085752507L, -1367856753L, -1205550840L, 
-328049882L, 1276957651L, 1170933045L, -926866286L, -118760352L, 
284817865L, 872747259L, -1278251316L, -600718502L, -472979889L, 
1548026649L, 566705454L, -1115805892L, 107406509L, -182888617L, 
